{
  "advancedEditorSelectedIdentifier" : "ProjectBrowser",
  "openSceneRelativePaths" : [
    "Immersive.usda"
  ],
  "recentIdentifiers" : {

  },
  "sceneCameraHistory" : {
    "AF09ED6F-1707-48FD-8720-65B998362C09" : [
      {
        "date" : 758655671.961302,
        "title" : "Untitled",
        "transform" : [
          0.7473222,
          1.292412e-08,
          -0.66446173,
          0,
          -0.37871072,
          0.8216786,
          -0.42593712,
          0,
          0.54597396,
          0.5699511,
          0.61405873,
          0,
          0.6453209,
          2.0592935,
          -0.8334986,
          1
        ]
      },
      {
        "date" : 758655669.058171,
        "title" : "Untitled",
        "transform" : [
          0.7473222,
          1.292412e-08,
          -0.66446173,
          0,
          -0.37871072,
          0.8216786,
          -0.42593712,
          0,
          0.54597396,
          0.5699511,
          0.61405873,
          0,
          0.58640933,
          2.0800683,
          -0.80040145,
          1
        ]
      },
      {
        "date" : 758655666.719483,
        "title" : "Untitled",
        "transform" : [
          0.7473222,
          1.292412e-08,
          -0.66446173,
          0,
          -0.37871072,
          0.8216786,
          -0.42593712,
          0,
          0.54597396,
          0.5699511,
          0.61405873,
          0,
          0.4158091,
          2.1613848,
          -0.72419214,
          1
        ]
      },
      {
        "date" : 758655198.210941,
        "title" : "Untitled",
        "transform" : [
          0.7473222,
          1.292412e-08,
          -0.66446173,
          0,
          -0.37871072,
          0.8216786,
          -0.42593712,
          0,
          0.54597396,
          0.5699511,
          0.61405873,
          0,
          0.39037895,
          2.1348379,
          -0.75279355,
          1
        ]
      },
      {
        "date" : 758655195.909823,
        "title" : "Untitled",
        "transform" : [
          0.7473222,
          1.292412e-08,
          -0.66446173,
          0,
          -0.37871072,
          0.8216786,
          -0.42593712,
          0,
          0.54597396,
          0.5699511,
          0.61405873,
          0,
          0.5959264,
          2.0928438,
          -0.8965733,
          1
        ]
      },
      {
        "date" : 758655191.124623,
        "title" : "Untitled",
        "transform" : [
          0.7473222,
          1.292412e-08,
          -0.66446173,
          0,
          -0.37871072,
          0.8216786,
          -0.42593712,
          0,
          0.54597396,
          0.5699511,
          0.61405873,
          0,
          0.6440228,
          2.114051,
          -0.95902145,
          1
        ]
      },
      {
        "date" : 758655167.024157,
        "title" : "Untitled",
        "transform" : [
          0.843525,
          1.292412e-08,
          -0.5370898,
          0,
          -0.30611497,
          0.8216786,
          -0.480768,
          0,
          0.4413152,
          0.5699511,
          0.6931065,
          0,
          0.5514196,
          2.1187866,
          -0.77836394,
          1
        ]
      },
      {
        "date" : 758655135.573219,
        "title" : "Untitled",
        "transform" : [
          0.843525,
          1.292412e-08,
          -0.5370898,
          0,
          -0.30611497,
          0.8216786,
          -0.480768,
          0,
          0.4413152,
          0.5699511,
          0.6931065,
          0,
          0.40073085,
          2.1322107,
          -0.6934563,
          1
        ]
      },
      {
        "date" : 758655125.327495,
        "title" : "Untitled",
        "transform" : [
          0.843525,
          1.292412e-08,
          -0.5370898,
          0,
          -0.30611497,
          0.8216786,
          -0.480768,
          0,
          0.4413152,
          0.5699511,
          0.6931065,
          0,
          0.39232147,
          2.1272068,
          -0.683987,
          1
        ]
      },
      {
        "date" : 758655114.926168,
        "title" : "Untitled",
        "transform" : [
          0.843525,
          1.292412e-08,
          -0.5370898,
          0,
          -0.30611497,
          0.8216786,
          -0.480768,
          0,
          0.4413152,
          0.5699511,
          0.6931065,
          0,
          0.37082028,
          2.102187,
          -0.6497226,
          1
        ]
      }
    ]
  },
  "sceneViewportBackgroundColors" : {

  }
}